171
175
276
297
319
329
333
359
418
441
223
224
289
298
320
321
354
363
372
373
420
422
444
447
466
490
501
504
519
301
303
305
306
307
308
310
311
312
314
315
316
317
318
319
321
322
323
324
325
327
328
329
330
331
332
333
334
335
336
337
338
339
340
341
342
343
346
347
348
349
350
351
352
353
354
355
356
358
360
361
362
363
364
365
366
368
369
370
371
372
373
374
375
376
377
379
380
381
382
383
384
385
386
387
388
389
390
391
392
393
394
396
397
398
399
400
401
402
403
404
405
406
408
409
410
411
412
413
414
415
416
417
418
419
420
421
422
423
424
425
426
427
428
429
431
432
433
435
436
437
439
440
441
442
443
445
446
447
448
450
451
452
453
454
455
456
457
458
459
460
461
462
464
465
466
467
468
469
470
471
472
473
474
475
476
477
478
479
480
481
482
483
484
485
486
487
488
490
491
492
493
494
495
496
497
498
499
500
501
502
503
504
505
507
509
510
512
513
514
515
516
517
518
519
520
521
522
523
524
525
526
527
528
529
530
531
532
533
534
535
536
537
538
539
540
541
542
543
544
546
547
548
549
550
551
552
553
555
556
557
558
559
560
561
562
563
564
565
566
567
569
570
571
572
573
574
575
576
577
579
580
581
582
584
585
586
587
588
589
590
591
592
593
594
595
596
597
598
599
600
601
602
603
604
605
607
608
609
610
611
612
613
614
615
616
617
619
620
621
623
624
625
626
627
628
630
631
633
634
635
636
638
639
640
641
642
643
644
645
646
647
648
649
650
651
652
653
654
655
656
657
658
659
660
661
662
663
664
665
666
667
668
669
671
673
674
675
677
679
681
682
683
684
685
686
688
689
690
691
692
693
694
695
696
697
698
699
700
